SUNRISE_LAT=48.407141
SUNRISE_LNG=-114.334622
FAC_CENTER_ID=FAC
